741
7421
7422
744
745
746
7492
751
752
753
754
755
756
757
758
759
7621
7622
763
764
765
766
767
771
772
773
7741
7742
775
776
777
778
76111
76116
7612
7614
7615
7616
7617
7618
7619
7613
741
7421
7422
744
745
746
7492
751
752
753
754
755
756
757
758
759
7621
7622
763
764
765
766
767
771
772
773
7741
7742
775
776
777
778
76111
76116
7612
7614
7615
7616
7617
7618
7619
7613
741
7421
7422
744
745
746
7492
751
752
753
754
755
756
757
758
759
7621
7622
763
764
765
766
767
771
772
773
7741
7742
775
776
777
778
76111
76116
7612
7614
7615
7616
7617
7618
7619
7613
741
7421
7422
744
745
746
7492
751
752
753
754
755
756
757
758
759
7621
7622
763
764
765
766
767
771
772
773
7741
7742
775
776
777
778
76111
76116
7612
7614
7615
7616
7617
7618
7619
7613
741
7421
7422
744
745
746
7492
751
752
753
754
755
756
757
758
759
7621
7622
763
764
765
766
767
771
772
773
7741
7742
775
776
777
778
76111
76116
7612
7614
7615
7616
7617
7618
7619
7613
741
7421
7422
744
745
746
7492
751
752
753
754
755
756
757
758
759
7621
7622
763
764
765
766
767
771
772
773
7741
7742
775
776
777
778
76111
76116
7612
7614
7615
7616
7617
7618
7619
7613
741
7421
7422
744
745
746
7492
751
752
753
754
755
756
757
758
759
7621
7622
763
764
765
766
767
771
772
773
7741
7742
775
776
777
778
76111
76116
7612
7614
7615
7616
7617
7618
7619
7613
765
766
767
771
772
773
7741
7742
775
776
777
778
76111
76116
7612
7614
7615
7616
7617
7618
7619
7613
741
7421
7422
744
745
746
7492
751
752
753
754
755
756
757
758
759
7621
7622
763
764
741
741
7421
7422
744
745
746
7492
751
752
753
754
755
756
757
758
759
7621
7622
763
764
765
766
767
771
772
773
7741
7742
775
776
777
778
76111
76116
7612
7614
7615
7616
7617
7618
7619
7613
741
7421
7422
744
745
746
7492
751
752
753
754
755
756
757
758
759
7621
7622
763
764
765
766
767
771
772
773
7741
7742
775
776
777
778
76111
76116
7612
7614
7615
7616
7617
7618
7619
7613
741
7421
7422
744
745
746
7492
751
752
753
754
755
756
757
758
759
7621
7622
763
764
765
766
767
771
772
773
7741
7742
775
776
777
778
76111
76116
7612
7614
7615
7616
7617
7618
7619
7613
765
766
767
771
772
773
7741
7742
775
776
777
778
76111
76116
7612
7614
7615
7616
7617
7618
7619
7613
765
766
767
771
772
773
7741
7742
775
776
777
778
76111
76116
7612
7614
7615
7616
7617
7618
7619
7613
765
766
767
771
772
773
7741
7742
775
776
777
778
76111
76116
7612
7614
7615
7616
7617
7618
7619
7613
765
766
767
771
772
773
7741
7742
775
776
777
778
76111
76116
7612
7614
7615
7616
7617
7618
7619
7613
765
766
767
771
772
773
7741
7742
775
776
777
778
76111
76116
7612
7614
7615
7616
7617
7618
7619
7613
741
7421
7422
744
745
746
7492
751
752
753
754
755
756
757
758
759
7621
7622
763
764
765
766
767
771
772
773
7741
7742
775
776
777
778
76111
76116
7612
7614
7615
7616
7617
7618
7619
7613
741
7421
7422
744
745
746
7492
751
752
753
754
755
756
757
758
759
7621
7622
763
764
765
766
767
771
772
773
7741
7742
775
776
777
778
76111
76116
7612
7614
7615
7616
7617
7618
7619
7613
741
741
7421
7422
741
7421
7422
744
745
746
7492
751
752
753
754
755
756
757
758
759
7621
7622
763
764
765
766
767
771
772
773
7741
7742
775
776
777
778
76111
76116
7612
7614
7615
7616
7617
7618
7619
7613
741
741
7421
7422
744
745
746
7492
751
752
753
754
755
756
757
758
759
7621
7622
763
764
765
766
767
771
772
773
7741
7742
775
776
777
778
76111
76116
7612
7614
7615
7616
7617
7618
7619
7613
741
741
7421
741
7421
741
7421
7422
744
745
746
7492
751
752
753
754
755
756
757
758
759
7621
7622
763
764
765
766
767
771
772
773
7741
7742
775
776
777
778
76111
76116
7612
7614
7615
7616
7617
7618
7619
7613
741
7421
7422
744
745
746
7492
751
752
753
754
755
756
757
758
759
7621
7622
763
764
765
766
767
771
772
773
7741
7742
775
776
777
778
76111
76116
7612
7614
7615
7616
7617
7618
7619
7613
741
7421
7422
744
745
746
7492
751
752
753
754
755
756
757
758
759
7621
7622
763
764
765
766
767
771
772
773
7741
7742
775
776
777
778
76111
76116
7612
7614
7615
7616
7617
7618
7619
7613
